1 8010 0.0
1 8011 1.0
1 8012 2.0
1 8013 3.0
1 8014 4.0
1 900 5.0
1 8016 6.0
1 8017 7.0
1 902 8.0
1 8019 9.0
2 8020 0.0
2 8021 0.43478260869565216
2 8022 0.8695652173913043
2 8023 1.3043478260869565
2 8024 1.7391304347826086
2 903 2.1739130434782608
2 904 2.608695652173913
2 905 3.0434782608695654
2 906 3.4782608695652173
2 8029 3.9130434782608696
2 80210 4.3478260869565215
2 907 4.782608695652174
2 900 5.217391304347826
2 80213 5.652173913043478
2 80214 6.086956521739131
2 908 6.521739130434783
2 909 6.956521739130435
2 80217 7.391304347826086
2 80218 7.826086956521739
2 80219 8.26086956521739
2 80220 8.695652173913043
2 80221 9.130434782608695
2 80222 9.565217391304348
3 8030 0.0
3 8031 0.47619047619047616
3 8032 0.9523809523809523
3 903 1.4285714285714284
3 904 1.9047619047619047
3 905 2.380952380952381
3 8036 2.8571428571428568
3 8037 3.333333333333333
3 906 3.8095238095238093
3 8039 4.285714285714286
3 80310 4.761904761904762
3 907 5.238095238095238
3 80312 5.7142857142857135
3 80313 6.190476190476191
3 908 6.666666666666666
3 909 7.142857142857143
3 80316 7.619047619047619
3 80317 8.095238095238095
3 80318 8.571428571428571
3 80319 9.047619047619047
3 80320 9.523809523809524